structure(list(sizes = 7:31, times = c(1988.8452055, 1989.7958904, 
1990.7972603, 1991.8041096, 1992.8041096, 1993.7945205, 1994.8287671, 
1995.8041096, 1996.8027397, 1997.8, 1998.7890411, 1999.8068493, 
2000.8, 2001.8027397, 2002.8041096, 2004.3767123, 2005.4164384, 
2006.1041096, 2007.1191781, 2008.1150685, 2009.0890411, 2010.05890411, 
2011.04794521, 2012.05), N = structure(c(17L, 34L, 65L, 17L, 
18L, 61L, 78L, 65L, 42L, 35L, 33L, 60L, 75L, 84L, 69L, 44L, 21L, 
9L, 7L, 6L, 2L, 0L, 0L, 0L, 0L, 0L, 29L, 255L, 374L, 138L, 13L, 
6L, 46L, 217L, 510L, 537L, 215L, 107L, 78L, 60L, 82L, 93L, 74L, 
54L, 41L, 21L, 10L, 3L, 0L, 0L, 0L, 3L, 82L, 188L, 36L, 9L, 14L, 
70L, 232L, 435L, 428L, 263L, 174L, 201L, 215L, 184L, 79L, 50L, 
39L, 29L, 18L, 7L, 1L, 0L, 0L, 2L, 19L, 45L, 65L, 15L, 9L, 47L, 
163L, 392L, 646L, 560L, 269L, 175L, 178L, 231L, 250L, 164L, 126L, 
95L, 58L, 43L, 17L, 6L, 1L, 0L, 0L, 40L, 363L, 786L, 671L, 154L, 
15L, 73L, 146L, 341L, 473L, 426L, 381L, 345L, 259L, 280L, 199L, 
146L, 82L, 58L, 36L, 16L, 7L, 5L, 1L, 4L, 83L, 106L, 120L, 35L, 
6L, 17L, 74L, 291L, 717L, 761L, 464L, 241L, 221L, 153L, 166L, 
135L, 110L, 80L, 53L, 29L, 10L, 6L, 4L, 1L, 5L, 34L, 63L, 92L, 
15L, 2L, 5L, 36L, 165L, 423L, 470L, 281L, 196L, 239L, 257L, 317L, 
215L, 128L, 101L, 67L, 38L, 16L, 5L, 0L, 0L, 1L, 47L, 58L, 37L, 
9L, 1L, 8L, 42L, 179L, 357L, 361L, 222L, 220L, 266L, 180L, 206L, 
219L, 193L, 122L, 68L, 34L, 19L, 3L, 1L, 0L, 1L, 76L, 253L, 284L, 
26L, 1L, 7L, 23L, 165L, 704L, 780L, 445L, 280L, 278L, 256L, 250L, 
214L, 201L, 172L, 109L, 53L, 21L, 5L, 2L, 0L, 1L, 9L, 43L, 101L, 
21L, 8L, 69L, 228L, 582L, 959L, 795L, 390L, 354L, 392L, 416L, 
405L, 309L, 225L, 228L, 145L, 91L, 32L, 10L, 1L, 0L, 5L, 45L, 
99L, 75L, 16L, 2L, 8L, 37L, 116L, 247L, 257L, 317L, 336L, 265L, 
260L, 227L, 239L, 217L, 143L, 96L, 54L, 17L, 4L, 0L, 0L, 13L, 
55L, 111L, 59L, 10L, 1L, 9L, 55L, 223L, 530L, 523L, 285L, 145L, 
141L, 129L, 200L, 185L, 177L, 148L, 93L, 44L, 24L, 2L, 1L, 0L, 
30L, 34L, 159L, 225L, 124L, 10L, 20L, 84L, 316L, 681L, 598L, 
292L, 179L, 164L, 174L, 230L, 174L, 95L, 79L, 67L, 32L, 20L, 
3L, 1L, 0L, 12L, 98L, 243L, 118L, 2L, 0L, 23L, 102L, 364L, 697L, 
598L, 388L, 337L, 287L, 232L, 292L, 244L, 215L, 103L, 74L, 39L, 
24L, 5L, 0L, 0L, 1L, 67L, 155L, 93L, 19L, 5L, 8L, 53L, 248L, 
666L, 756L, 401L, 235L, 185L, 162L, 171L, 112L, 91L, 58L, 26L, 
17L, 5L, 2L, 0L, 0L, 3L, 8L, 27L, 101L, 259L, 562L, 890L, 1211L, 
1177L, 789L, 518L, 479L, 462L, 433L, 393L, 365L, 275L, 182L, 
110L, 52L, 42L, 12L, 4L, 2L, 2L, 0L, 0L, 10L, 18L, 71L, 206L, 
377L, 551L, 576L, 631L, 805L, 730L, 575L, 426L, 336L, 273L, 261L, 
226L, 137L, 95L, 33L, 14L, 3L, 1L, 0L, 0L, 10L, 48L, 156L, 300L, 
432L, 437L, 262L, 203L, 311L, 438L, 488L, 427L, 320L, 213L, 162L, 
118L, 102L, 60L, 54L, 17L, 9L, 0L, 1L, 0L, 0L, 13L, 120L, 296L, 
515L, 505L, 294L, 540L, 1247L, 1899L, 1799L, 1098L, 463L, 279L, 
284L, 240L, 212L, 138L, 110L, 54L, 32L, 9L, 2L, 0L, 0L, 2L, 16L, 
71L, 164L, 211L, 142L, 97L, 166L, 284L, 438L, 450L, 373L, 365L, 
354L, 256L, 226L, 165L, 104L, 74L, 39L, 16L, 9L, 1L, 0L, 0L, 
0L, 3L, 23L, 64L, 111L, 124L, 65L, 94L, 225L, 353L, 393L, 264L, 
183L, 139L, 155L, 194L, 179L, 134L, 81L, 37L, 18L, 6L, 3L, 1L, 
0L, 0L, 1L, 19L, 43L, 58L, 31L, 16L, 26L, 75L, 148L, 170L, 161L, 
166L, 185L, 164L, 116L, 106L, 101L, 76L, 42L, 15L, 4L, 1L, 0L, 
0L, 0L, 2L, 18L, 65L, 98L, 91L, 45L, 29L, 61L, 163L, 223L, 163L, 
98L, 92L, 82L, 80L, 75L, 68L, 62L, 47L, 31L, 12L, 3L, 0L, 0L, 
1L, 10L, 52L, 135L, 196L, 212L, 138L, 70L, 47L, 75L, 140L, 157L, 
105L, 81L, 58L, 35L, 25L, 25L, 21L, 17L, 8L, 4L, 1L, 0L, 0L), .Dim = c(25L, 
24L), .Dimnames = list(NULL, NULL))), .Names = c("sizes", "times", 
"N"))
